best_epoch:297 Loss:2.12458;Accuracy:0.76445;Precision:0.74138;Recall:0.55997;F1 score:0.63803;AUC:0.82417;PRC:0.75208.
best_epoch:170 Loss:1.97506;Accuracy:0.77593;Precision:0.79468;Recall:0.60083;F1 score:0.68429;AUC:0.84392;PRC:0.80014.
best_epoch:145 Loss:1.81451;Accuracy:0.78018;Precision:0.79599;Recall:0.60387;F1 score:0.68674;AUC:0.84666;PRC:0.79580.
best_epoch:231 Loss:1.84883;Accuracy:0.77570;Precision:0.78507;Recall:0.59745;F1 score:0.67853;AUC:0.84720;PRC:0.80525.
best_epoch:176 Loss:2.12787;Accuracy:0.77017;Precision:0.76518;Recall:0.56925;F1 score:0.65283;AUC:0.83346;PRC:0.76957.
Trainset:
Loss(std):0.0001(0.0000)
Accuracy(std):1.0000(0.0000)
Precision(std):1.0000(0.0000)
Recall(std):1.0000(0.0000)
F1_score(std):1.0000(0.0000)
AUC(std):1.0000(0.0000)
PRC(std):1.0000(0.0000)
Testset:
Loss(std):1.9782(0.1322)
Accuracy(std):0.7733(0.0054)
Precision(std):0.7765(0.0004)
Recall(std):0.5863(0.0003)
F1_score(std):0.6681(0.0193)
AUC(std):0.8391(0.0090)
PRC(std):0.7846(0.0204)
