The result of train set  on 0 fold:Loss:0.00365;Accuracy:0.99920;Precision:0.99896;Recall:0.99948;F1 score:0.99922;AUC:0.99999;PRC:0.99999.
best_epoch:88 Loss:1.05793;Accuracy:0.82979;Precision:0.83333;Recall:0.77273;F1 score:0.80189;AUC:0.89984;PRC:0.89166.
The result of train set  on 1 fold:Loss:0.01011;Accuracy:0.99754;Precision:0.99632;Recall:0.99868;F1 score:0.99750;AUC:0.99992;PRC:0.99991.
best_epoch:52 Loss:1.36851;Accuracy:0.78686;Precision:0.85135;Recall:0.71475;F1 score:0.77709;AUC:0.85414;PRC:0.88645.
The result of train set  on 2 fold:Loss:0.08459;Accuracy:0.96826;Precision:0.94379;Recall:0.99528;F1 score:0.96885;AUC:0.99805;PRC:0.99796.
best_epoch:25 Loss:0.82972;Accuracy:0.77140;Precision:0.80316;Recall:0.75662;F1 score:0.77920;AUC:0.83941;PRC:0.86327.
The result of train set  on 3 fold:Loss:0.02430;Accuracy:0.99473;Precision:0.99176;Recall:0.99784;F1 score:0.99479;AUC:0.99975;PRC:0.99971.
best_epoch:33 Loss:0.95558;Accuracy:0.79174;Precision:0.85256;Recall:0.71634;F1 score:0.77854;AUC:0.87206;PRC:0.89552.
The result of train set  on 4 fold:Loss:0.09390;Accuracy:0.96852;Precision:0.95292;Recall:0.98440;F1 score:0.96841;AUC:0.99627;PRC:0.99596.
best_epoch:19 Loss:0.57647;Accuracy:0.81051;Precision:0.86452;Recall:0.77681;F1 score:0.81832;AUC:0.89093;PRC:0.91783.
Trainset:
Loss(std):0.0433(0.0382)
Accuracy(std):0.9856(0.0142)
Precision(std):0.9768(0.0006)
Recall(std):0.9951(0.0000)
F1_score(std):0.9858(0.0141)
AUC(std):0.9988(0.0015)
PRC(std):0.9987(0.0016)
Testset:
Loss(std):0.9576(0.2610)
Accuracy(std):0.7981(0.0202)
Precision(std):0.8410(0.0005)
Recall(std):0.7474(0.0007)
F1_score(std):0.7910(0.0164)
AUC(std):0.8713(0.0224)
PRC(std):0.8909(0.0175)
